I
1050 Generated by WorldEditor 1.6.0r1

1    274 1 0 EKVG Vagar
1302 city Vagar
1302 country Faroe Islands
1302 datum_lat 62.063627778
1302 datum_lon -7.277219444
1302 faa_code 
1302 iata_code FAE
1302 icao_code EKVG
1302 region_code EK
1302 state Vagar
1302 transition_alt 7500
1302 transition_level 
100 30.00 1 0 0.35 1 1 0 12  62.06704200 -007.29097200    0    0 5 5 0 0 30  62.05948900 -007.26057100    0    0 5 5 0 0
110 1 0.00 0.0000 Polygon from DSF lib/airport/pavement/asphalt_1D.pol 
111  62.06775581 -007.28037171
111  62.06773836 -007.28039121
111  62.06765382 -007.28004526
111  62.06763253 -007.27995812
111  62.06763694 -007.27995456
113  62.06768032 -007.28006334
110 1 0.00 0.0000 Polygon from DSF lib/airport/pavement/asphalt_1D.pol 
111  62.06795684 -007.28119234
111  62.06794097 -007.28121959
111  62.06791277 -007.28110429
111  62.06790454 -007.28107061
113  62.06792233 -007.28105102
110 1 0.00 0.0000 Polygon from DSF lib/airport/pavement/asphalt_1D.pol 
111  62.06790912 -007.28099759
111  62.06789152 -007.28101732
111  62.06775733 -007.28046882
113  62.06777480 -007.28044938
110 1 0.00 0.0000 Polygon from DSF lib/airport/pavement/asphalt_1D.pol 
111  62.06780150 -007.27996221
111  62.06776307 -007.28000483
113  62.06777270 -007.27984433
110 1 0.00 0.0000 Polygon from DSF lib/airport/pavement/asphalt_1D.pol 
111  62.06816806 -007.28084413
111  62.06815378 -007.28086048
111  62.06814351 -007.28081778
111  62.06818296 -007.28077434
114  62.06816806 -007.28084413  62.06814369 -007.28087217
110 1 0.00 0.0000 Polygon from DSF lib/airport/pavement/asphalt_1D.pol 
111  62.06597307 -007.28135872
112  62.06590949 -007.28139730  62.06588153 -007.28143141
111  62.06590949 -007.28139730
111  62.06588668 -007.28109826
111  62.06598483 -007.28107533
111  62.06599417 -007.28123353
113  62.06596577 -007.28124108
110 1 0.00 0.0000 Polygon from DSF lib/airport/pavement/asphalt_1D.pol 
111  62.06598304 -007.28068015
111  62.06594159 -007.28068647
111  62.06593567 -007.28063275
113  62.06598156 -007.28064223
110 1 0.00 0.0000 Polygon from DSF lib/airport/pavement/asphalt_1D.pol 
111  62.06617917 -007.28070443
111  62.06618765 -007.28063307
111  62.06665539 -007.28079718
113  62.06664644 -007.28085836
110 1 0.00 0.0000 Polygon from DSF lib/airport/pavement/asphalt_1D.pol 
111  62.06715692 -007.28172860
111  62.06711823 -007.28176722
111  62.06692389 -007.28105604
111  62.06689380 -007.28109312
111  62.06666901 -007.28023894
113  62.06675032 -007.28014335
110 1 0.00 0.0000 Polygon from DSF lib/airport/pavement/asphalt_1D.pol 
111  62.06729338 -007.27975909
111  62.06684559 -007.28025997
111  62.06676857 -007.27996938
111  62.06661453 -007.28016056
111  62.06666468 -007.28030203
111  62.06661811 -007.28037085
111  62.06655184 -007.28019115
111  62.06640138 -007.28024468
111  62.06632436 -007.27876879
111  62.06624376 -007.27844378
111  62.06660557 -007.27801555
111  62.06671304 -007.27769437
111  62.06676499 -007.27764466
111  62.06695466 -007.27910231
111  62.06676544 -007.27931501
111  62.06686560 -007.27971661
111  62.06705343 -007.27950357
111  62.06677507 -007.27820995
111  62.06659035 -007.27841390
111  62.06669301 -007.27882831
113  62.06687672 -007.27862806
110 1 0.00 0.0000 Polygon from DSF lib/airport/pavement/asphalt_1D.pol 
111  62.06706506 -007.28330195
111  62.06672007 -007.28378247
111  62.06649986 -007.28307735
111  62.06671150 -007.28277963
111  62.06659650 -007.28241140
113  62.06673475 -007.28222076
110 2 0.00 0.0000 Polygon from DSF lib/airport/Common_Elements/Misc_Buildings/Blue_Warehouse.fac 
111  62.06664338 -007.27614741
111  62.06643871 -007.27638304
111  62.06640176 -007.27623748
111  62.06636136 -007.27628472
111  62.06639764 -007.27643032
111  62.06623738 -007.27661480
111  62.06615763 -007.27629289
111  62.06631760 -007.27611076
111  62.06634943 -007.27623497
111  62.06638904 -007.27618825
111  62.06635892 -007.27606605
113  62.06656508 -007.27583479
110 2 0.00 0.0000 Polygon from DSF lib/airport/Common_Elements/Misc_Buildings/Blue_Warehouse.fac 
111  62.06702968 -007.28314683
111  62.06693347 -007.28327972
111  62.06690259 -007.28332238
111  62.06685508 -007.28316535
111  62.06678171 -007.28292280
111  62.06681262 -007.28288011
113  62.06690863 -007.28274749
110 2 0.00 0.0000 Polygon from DSF lib/airport/Common_Elements/Misc_Buildings/White_Warehouse.fac 
111  62.06681262 -007.28288011
111  62.06673882 -007.28263664
111  62.06683483 -007.28250402
113  62.06690863 -007.28274749
110 2 0.00 0.0000 Polygon from DSF lib/airport/Common_Elements/Misc_Buildings/Cargo_Terminal.fac 
111  62.06673882 -007.28263664
111  62.06665078 -007.28234619
111  62.06674679 -007.28221357
113  62.06683483 -007.28250402
110 1 0.00 0.0000 Polygon from DSF lib/airport/Modern_Airports/Facades/modern2.fac 
111  62.06788330 -007.28125115
111  62.06768799 -007.28147080
111  62.06754250 -007.28087941
111  62.06740215 -007.28030200
111  62.06744720 -007.28025373
111  62.06741186 -007.28010602
111  62.06753084 -007.27998089
111  62.06753998 -007.28001997
113  62.06757710 -007.27998224
110 2 0.00 0.0000 Polygon from DSF lib/airport/Common_Elements/Misc_Buildings/White_Office.fac 
111  62.06791449 -007.28161337
111  62.06783612 -007.28170177
111  62.06779333 -007.28152889
113  62.06787171 -007.28144049
110 2 0.00 0.0000 Polygon from DSF lib/airport/Common_Elements/Misc_Buildings/Cargo_Terminal.fac 
111  62.06709653 -007.27617740
111  62.06688220 -007.27651950
111  62.06682068 -007.27648241
111  62.06687857 -007.27604621
111  62.06693499 -007.27608206
111  62.06695131 -007.27595948
111  62.06703220 -007.27600962
111  62.06707265 -007.27603469
113  62.06711309 -007.27605976
110 3 0.00 117.9500 Brakepad 12
111  62.06780142 -007.29317023
111  62.06745190 -007.29356598
111  62.06721523 -007.29261400
113  62.06756591 -007.29221837
110 3 0.00 117.9500 Brakepad 30
111  62.05937273 -007.25928280
111  62.05932533 -007.25933633
111  62.05922235 -007.25892385
111  62.05896755 -007.25920951
111  62.05906949 -007.25962244
111  62.05902268 -007.25967547
111  62.05868699 -007.25831657
113  62.05903794 -007.25792919
110 1 0.00 117.9500 Shoulder
111  62.06790024 -007.29326222
111  62.06744448 -007.29377612
111  62.06690323 -007.29161521
111  62.06690174 -007.29151941
111  62.06689751 -007.29124692
111  62.05929712 -007.26066540
111  62.05925519 -007.26049667
111  62.05904582 -007.25965425
111  62.05902364 -007.25967901
111  62.05898715 -007.25972114
111  62.05863046 -007.25828299
111  62.05908543 -007.25776868
111  62.05944422 -007.25921035
111  62.05941472 -007.25924126
111  62.05956286 -007.25984444
111  62.05960034 -007.25999339
111  62.05960319 -007.26004176
111  62.05961099 -007.26022565
111  62.06746611 -007.29181837
111  62.06750812 -007.29177239
113  62.06752552 -007.29175334
110 1 0.00 45.0000 Old Emergency Exit 12
111  62.06133944 -007.26881840
111  62.06085528 -007.26790507
113  62.06102755 -007.26752193
110 1 0.00 12.0000 Old Emergency Exit 30
111  62.06543895 -007.28654449
111  62.06524104 -007.28455073
113  62.06571168 -007.28641570
110 1 0.00 30.0000 Path Windsock 12
111  62.06762497 -007.29036926
111  62.06721327 -007.29083405
111  62.06720340 -007.29079583
113  62.06761539 -007.29033202
110 1 0.00 12.0000 Path Windsock 30
111  62.05960034 -007.25999339
111  62.06003249 -007.25980864
111  62.06003636 -007.25985553
113  62.05960319 -007.26004176
110 3 0.35 117.9500 End Area 12
111  62.06788339 -007.29135742
111  62.06667714 -007.29272142
111  62.06587080 -007.28948701
113  62.06708096 -007.28813273
110 3 0.35 117.9500 End Area 30
111  62.05979351 -007.25882475
111  62.06111299 -007.26397957
111  62.06122953 -007.26429945
111  62.06123747 -007.26461295
111  62.06098259 -007.26475315
111  62.06100127 -007.26507744
111  62.06081597 -007.26521730
111  62.05999846 -007.26568981
111  62.05916626 -007.26587448
111  62.05912378 -007.26569884
111  62.05954487 -007.26516498
111  62.05968331 -007.26392620
111  62.06005032 -007.26360482
111  62.06002633 -007.26352570
111  62.05926658 -007.26418695
111  62.05875236 -007.26417997
111  62.05794068 -007.26088417
111  62.05898715 -007.25972114
111  62.05904582 -007.25965425
113  62.05944422 -007.25921035
110 2 0.00 28.0000 Walkway Patch
111  62.06801376 -007.28093183
111  62.06799631 -007.28095115
111  62.06799381 -007.28094079
113  62.06801121 -007.28092138
110 2 0.00 28.0000 Walkway Patch
111  62.06799799 -007.28086752
111  62.06798054 -007.28088685
111  62.06797803 -007.28087648
113  62.06799544 -007.28085707
110 2 0.00 28.0000 Walkway Patch
111  62.06798222 -007.28080347
111  62.06796477 -007.28082280
111  62.06796226 -007.28081243
113  62.06797966 -007.28079302
110 2 0.00 28.0000 Walkway Patch
111  62.06796644 -007.28073968
111  62.06794900 -007.28075900
111  62.06794649 -007.28074864
113  62.06796389 -007.28072922
110 2 0.00 28.0000 Walkway Patch
111  62.06795067 -007.28067537
111  62.06793322 -007.28069470
111  62.06793072 -007.28068433
113  62.06794812 -007.28066492
110 2 0.00 28.0000 Walkway Patch
111  62.06784947 -007.28026501
111  62.06783202 -007.28028433
111  62.06782951 -007.28027397
113  62.06784692 -007.28025456
110 2 0.00 28.0000 Walkway Patch
111  62.06784277 -007.28023788
111  62.06782532 -007.28025720
111  62.06782281 -007.28024683
113  62.06784021 -007.28022742
110 2 0.00 28.0000 Walkway Patch
111  62.06793490 -007.28061158
111  62.06791745 -007.28063090
111  62.06791494 -007.28062053
113  62.06793235 -007.28060112
110 2 0.00 28.0000 Walkway Patch
111  62.06782711 -007.28017357
111  62.06780966 -007.28019290
111  62.06780716 -007.28018253
113  62.06782456 -007.28016312
110 2 0.00 28.0000 Walkway Patch
111  62.06791924 -007.28054727
111  62.06790180 -007.28056659
111  62.06789929 -007.28055623
113  62.06791669 -007.28053682
110 2 0.00 28.0000 Walkway Patch
111  62.06781134 -007.28010978
111  62.06779389 -007.28012910
111  62.06779139 -007.28011873
113  62.06780879 -007.28009932
110 2 0.00 28.0000 Walkway Patch
111  62.06790347 -007.28048347
111  62.06788602 -007.28050280
111  62.06788352 -007.28049243
113  62.06790092 -007.28047302
110 2 0.00 28.0000 Walkway Patch
111  62.06779569 -007.28004598
111  62.06777824 -007.28006530
111  62.06777573 -007.28005494
113  62.06779314 -007.28003553
110 2 0.00 28.0000 Walkway Patch
111  62.06788782 -007.28041968
111  62.06787037 -007.28043900
111  62.06786786 -007.28042863
113  62.06788527 -007.28040922
110 2 0.00 28.0000 Walkway Patch
111  62.06787228 -007.28035588
111  62.06785483 -007.28037520
111  62.06785233 -007.28036484
113  62.06786973 -007.28034543
110 2 0.00 28.0000 Walkway Patch
111  62.06801767 -007.28094778
111  62.06800022 -007.28096710
111  62.06799772 -007.28095674
113  62.06801512 -007.28093733
110 2 0.00 28.0000 Walkway Patch
111  62.06800190 -007.28088348
111  62.06798445 -007.28090280
111  62.06798195 -007.28089243
113  62.06799935 -007.28087302
110 2 0.00 28.0000 Walkway Patch
111  62.06798613 -007.28081942
111  62.06796868 -007.28083875
111  62.06796618 -007.28082838
113  62.06798358 -007.28080897
110 2 0.00 28.0000 Walkway Patch
111  62.06797036 -007.28075563
111  62.06795291 -007.28077495
111  62.06795040 -007.28076458
113  62.06796781 -007.28074517
110 2 0.00 28.0000 Walkway Patch
111  62.06795458 -007.28069132
111  62.06793714 -007.28071065
111  62.06793463 -007.28070028
113  62.06795203 -007.28068087
110 2 0.00 28.0000 Walkway Patch
111  62.06793881 -007.28062753
111  62.06792136 -007.28064685
111  62.06791886 -007.28063648
113  62.06793626 -007.28061707
110 2 0.00 28.0000 Walkway Patch
111  62.06783102 -007.28018952
111  62.06781358 -007.28020884
111  62.06781107 -007.28019848
113  62.06782847 -007.28017907
110 2 0.00 28.0000 Walkway Patch
111  62.06792316 -007.28056322
111  62.06790571 -007.28058254
111  62.06790321 -007.28057218
113  62.06792061 -007.28055277
110 2 0.00 28.0000 Walkway Patch
111  62.06781525 -007.28012573
111  62.06779780 -007.28014505
111  62.06779530 -007.28013468
113  62.06781270 -007.28011527
110 2 0.00 28.0000 Walkway Patch
111  62.06790739 -007.28049943
111  62.06788994 -007.28051875
111  62.06788743 -007.28050838
113  62.06790484 -007.28048897
110 2 0.00 28.0000 Walkway Patch
111  62.06779960 -007.28006193
111  62.06778215 -007.28008125
111  62.06777965 -007.28007089
113  62.06779705 -007.28005147
110 2 0.00 28.0000 Walkway Patch
111  62.06789173 -007.28043563
111  62.06787428 -007.28045495
111  62.06787178 -007.28044458
113  62.06788918 -007.28042517
110 2 0.00 28.0000 Walkway Patch
111  62.06778406 -007.27999813
111  62.06776662 -007.28001745
111  62.06776411 -007.28000709
113  62.06778151 -007.27998768
110 2 0.00 28.0000 Walkway Patch
111  62.06787620 -007.28037183
111  62.06785875 -007.28039115
111  62.06785624 -007.28038079
113  62.06787365 -007.28036138
110 2 0.00 28.0000 Walkway Patch
111  62.06802159 -007.28096373
111  62.06800414 -007.28098305
111  62.06800163 -007.28097269
113  62.06801904 -007.28095327
110 2 0.00 28.0000 Walkway Patch
111  62.06800581 -007.28089942
111  62.06798837 -007.28091875
111  62.06798586 -007.28090838
113  62.06800326 -007.28088897
110 2 0.00 28.0000 Walkway Patch
111  62.06799004 -007.28083537
111  62.06797259 -007.28085470
111  62.06797009 -007.28084433
113  62.06798749 -007.28082492
110 2 0.00 28.0000 Walkway Patch
111  62.06797427 -007.28077158
111  62.06795682 -007.28079090
111  62.06795432 -007.28078053
113  62.06797172 -007.28076112
110 2 0.00 28.0000 Walkway Patch
111  62.06795850 -007.28070727
111  62.06794105 -007.28072659
111  62.06793854 -007.28071623
113  62.06795595 -007.28069682
110 2 0.00 28.0000 Walkway Patch
111  62.06794273 -007.28064347
111  62.06792528 -007.28066280
111  62.06792277 -007.28065243
113  62.06794017 -007.28063302
110 2 0.00 28.0000 Walkway Patch
111  62.06783494 -007.28020547
111  62.06781749 -007.28022479
111  62.06781498 -007.28021443
113  62.06783239 -007.28019502
110 2 0.00 28.0000 Walkway Patch
111  62.06792707 -007.28057917
111  62.06790962 -007.28059849
111  62.06790712 -007.28058813
113  62.06792452 -007.28056872
110 2 0.00 28.0000 Walkway Patch
111  62.06781917 -007.28014168
111  62.06780172 -007.28016100
111  62.06779921 -007.28015063
113  62.06781661 -007.28013122
110 2 0.00 28.0000 Walkway Patch
111  62.06791130 -007.28051537
111  62.06789385 -007.28053470
111  62.06789135 -007.28052433
113  62.06790875 -007.28050492
110 2 0.00 28.0000 Walkway Patch
111  62.06780351 -007.28007788
111  62.06778606 -007.28009720
111  62.06778356 -007.28008683
113  62.06780096 -007.28006742
110 2 0.00 28.0000 Walkway Patch
111  62.06789565 -007.28045158
111  62.06787820 -007.28047090
111  62.06787569 -007.28046053
113  62.06789310 -007.28044112
110 2 0.00 28.0000 Walkway Patch
111  62.06778798 -007.28001408
111  62.06777053 -007.28003340
111  62.06776802 -007.28002304
113  62.06778543 -007.28000363
110 2 0.00 28.0000 Walkway Patch
111  62.06788011 -007.28038778
111  62.06786266 -007.28040710
111  62.06786016 -007.28039674
113  62.06787756 -007.28037733
110 2 0.00 28.0000 Walkway Patch
111  62.06800973 -007.28091537
111  62.06799228 -007.28093470
111  62.06798977 -007.28092433
113  62.06800718 -007.28090492
110 2 0.00 28.0000 Walkway Patch
111  62.06799395 -007.28085132
111  62.06797651 -007.28087065
111  62.06797400 -007.28086028
113  62.06799141 -007.28084087
110 2 0.00 28.0000 Walkway Patch
111  62.06797818 -007.28078753
111  62.06796073 -007.28080685
111  62.06795823 -007.28079648
113  62.06797563 -007.28077707
110 2 0.00 28.0000 Walkway Patch
111  62.06796241 -007.28072322
111  62.06794496 -007.28074254
111  62.06794246 -007.28073218
113  62.06795986 -007.28071277
110 2 0.00 28.0000 Walkway Patch
111  62.06794664 -007.28065942
111  62.06792919 -007.28067875
111  62.06792669 -007.28066838
113  62.06794409 -007.28064897
110 2 0.00 28.0000 Walkway Patch
111  62.06783885 -007.28022142
111  62.06782140 -007.28024074
111  62.06781890 -007.28023038
113  62.06783630 -007.28021097
110 2 0.00 28.0000 Walkway Patch
111  62.06793098 -007.28059512
111  62.06791354 -007.28061444
111  62.06791103 -007.28060408
113  62.06792843 -007.28058467
110 2 0.00 28.0000 Walkway Patch
111  62.06782308 -007.28015763
111  62.06780563 -007.28017695
111  62.06780313 -007.28016658
113  62.06782053 -007.28014717
110 2 0.00 28.0000 Walkway Patch
111  62.06791521 -007.28053132
111  62.06789776 -007.28055064
111  62.06789526 -007.28054028
113  62.06791266 -007.28052087
110 2 0.00 28.0000 Walkway Patch
111  62.06780743 -007.28009383
111  62.06778998 -007.28011315
111  62.06778747 -007.28010279
113  62.06780488 -007.28008337
110 2 0.00 28.0000 Walkway Patch
111  62.06789956 -007.28046753
111  62.06788211 -007.28048685
111  62.06787961 -007.28047648
113  62.06789701 -007.28045707
110 2 0.00 28.0000 Walkway Patch
111  62.06779189 -007.28003003
111  62.06777444 -007.28004935
111  62.06777194 -007.28003899
113  62.06778934 -007.28001958
110 2 0.00 28.0000 Walkway Patch
111  62.06788402 -007.28040373
111  62.06786658 -007.28042305
111  62.06786407 -007.28041269
113  62.06788147 -007.28039327
110 2 0.00 28.0000 Walkway Patch
111  62.06813739 -007.28079215
111  62.06811994 -007.28081147
111  62.06811743 -007.28080111
113  62.06813484 -007.28078170
110 2 0.00 28.0000 Walkway Patch
111  62.06810753 -007.28066882
111  62.06809008 -007.28068814
111  62.06808758 -007.28067777
113  62.06810498 -007.28065836
110 2 0.00 28.0000 Walkway Patch
111  62.06794191 -007.28006696
111  62.06794071 -007.28006818
111  62.06793821 -007.28005782
113  62.06793873 -007.28005722
110 2 0.00 28.0000 Walkway Patch
111  62.06794794 -007.28008508
111  62.06794533 -007.28008789
111  62.06794282 -007.28007753
113  62.06794472 -007.28007542
110 2 0.00 28.0000 Walkway Patch
111  62.06795401 -007.28010254
111  62.06795003 -007.28010674
111  62.06794752 -007.28009638
113  62.06795064 -007.28009300
110 2 0.00 28.0000 Walkway Patch
111  62.06796027 -007.28011919
111  62.06795440 -007.28012542
111  62.06795189 -007.28011505
113  62.06795678 -007.28010995
110 2 0.00 28.0000 Walkway Patch
111  62.06796634 -007.28013547
111  62.06795885 -007.28014357
111  62.06795635 -007.28013321
113  62.06796278 -007.28012609
110 2 0.00 28.0000 Walkway Patch
111  62.06797251 -007.28015054
111  62.06796307 -007.28016069
111  62.06796056 -007.28015033
113  62.06796886 -007.28014136
110 2 0.00 28.0000 Walkway Patch
111  62.06797942 -007.28016669
111  62.06796750 -007.28017947
111  62.06796500 -007.28016910
113  62.06797559 -007.28015760
110 2 0.00 28.0000 Walkway Patch
111  62.06798632 -007.28018237
111  62.06797185 -007.28019808
111  62.06796934 -007.28018772
113  62.06798240 -007.28017358
110 2 0.00 28.0000 Walkway Patch
111  62.06799327 -007.28019789
111  62.06797632 -007.28021673
111  62.06797382 -007.28020636
113  62.06798930 -007.28018939
110 2 0.00 28.0000 Walkway Patch
111  62.06799808 -007.28021495
111  62.06798064 -007.28023427
111  62.06797813 -007.28022391
113  62.06799553 -007.28020450
110 2 0.00 28.0000 Walkway Patch
111  62.06800230 -007.28023210
111  62.06798485 -007.28025142
111  62.06798235 -007.28024106
113  62.06799975 -007.28022165
110 2 0.00 28.0000 Walkway Patch
111  62.06800645 -007.28024982
111  62.06798900 -007.28026914
111  62.06798650 -007.28025878
113  62.06800390 -007.28023936
110 2 0.00 28.0000 Walkway Patch
111  62.06801080 -007.28026754
111  62.06799335 -007.28028686
111  62.06799085 -007.28027650
113  62.06800825 -007.28025708
110 2 0.00 28.0000 Walkway Patch
111  62.06801515 -007.28028569
111  62.06799771 -007.28030501
111  62.06799520 -007.28029464
113  62.06801260 -007.28027523
110 2 0.00 28.0000 Walkway Patch
111  62.06801951 -007.28030355
111  62.06800206 -007.28032287
111  62.06799955 -007.28031251
113  62.06801695 -007.28029310
110 2 0.00 28.0000 Walkway Patch
111  62.06802325 -007.28031941
111  62.06800581 -007.28033874
111  62.06800330 -007.28032837
113  62.06802070 -007.28030896
110 2 0.00 28.0000 Walkway Patch
111  62.06802727 -007.28033599
111  62.06800982 -007.28035531
111  62.06800732 -007.28034495
113  62.06802472 -007.28032554
110 2 0.00 28.0000 Walkway Patch
111  62.06803182 -007.28035457
111  62.06801437 -007.28037389
111  62.06801187 -007.28036353
113  62.06802927 -007.28034412
110 2 0.00 28.0000 Walkway Patch
111  62.06803637 -007.28037372
111  62.06801893 -007.28039304
111  62.06801642 -007.28038268
113  62.06803382 -007.28036326
110 2 0.00 28.0000 Walkway Patch
111  62.06804059 -007.28039101
111  62.06802314 -007.28041033
111  62.06802064 -007.28039997
113  62.06803804 -007.28038055
110 2 0.00 28.0000 Walkway Patch
111  62.06804461 -007.28040801
111  62.06802716 -007.28042734
111  62.06802466 -007.28041697
113  62.06804206 -007.28039756
110 2 0.00 28.0000 Walkway Patch
111  62.06804869 -007.28042488
111  62.06803124 -007.28044420
111  62.06802874 -007.28043384
113  62.06804614 -007.28041442
110 2 0.00 28.0000 Walkway Patch
111  62.06805298 -007.28044231
111  62.06803553 -007.28046163
111  62.06803302 -007.28045127
113  62.06805043 -007.28043186
110 2 0.00 28.0000 Walkway Patch
111  62.06805746 -007.28046060
111  62.06804001 -007.28047993
111  62.06803751 -007.28046956
113  62.06805491 -007.28045015
110 2 0.00 28.0000 Walkway Patch
111  62.06806201 -007.28047961
111  62.06804456 -007.28049893
111  62.06804206 -007.28048857
113  62.06805946 -007.28046916
110 2 0.00 28.0000 Walkway Patch
111  62.06806610 -007.28049633
111  62.06804865 -007.28051565
111  62.06804614 -007.28050529
113  62.06806355 -007.28048588
110 2 0.00 28.0000 Walkway Patch
111  62.06807025 -007.28051377
111  62.06805280 -007.28053309
111  62.06805029 -007.28052272
113  62.06806770 -007.28050331
110 2 0.00 28.0000 Walkway Patch
111  62.06807466 -007.28053234
111  62.06805722 -007.28055166
111  62.06805471 -007.28054130
113  62.06807211 -007.28052189
110 2 0.00 28.0000 Walkway Patch
111  62.06807895 -007.28055049
111  62.06806150 -007.28056981
111  62.06805900 -007.28055945
113  62.06807640 -007.28054004
110 2 0.00 28.0000 Walkway Patch
111  62.06808323 -007.28056750
111  62.06806578 -007.28058682
111  62.06806328 -007.28057645
113  62.06808068 -007.28055704
110 2 0.00 28.0000 Walkway Patch
111  62.06808711 -007.28058436
111  62.06806967 -007.28060368
111  62.06806716 -007.28059332
113  62.06808456 -007.28057391
110 2 0.00 28.0000 Walkway Patch
111  62.06809120 -007.28060108
111  62.06807375 -007.28062040
111  62.06807124 -007.28061004
113  62.06808865 -007.28059063
110 2 0.00 28.0000 Walkway Patch
111  62.06810345 -007.28065195
111  62.06808600 -007.28067128
111  62.06808350 -007.28066091
113  62.06810090 -007.28064150
110 2 0.00 28.0000 Walkway Patch
111  62.06811148 -007.28068511
111  62.06809403 -007.28070443
111  62.06809153 -007.28069406
113  62.06810893 -007.28067466
110 2 0.00 28.0000 Walkway Patch
111  62.06811610 -007.28070411
111  62.06809865 -007.28072344
111  62.06809615 -007.28071307
113  62.06811355 -007.28069366
110 2 0.00 28.0000 Walkway Patch
111  62.06812072 -007.28072312
111  62.06810327 -007.28074244
111  62.06810077 -007.28073208
113  62.06811817 -007.28071267
110 2 0.00 28.0000 Walkway Patch
111  62.06812487 -007.28074084
111  62.06810742 -007.28076016
111  62.06810492 -007.28074980
113  62.06812232 -007.28073039
110 2 0.00 28.0000 Walkway Patch
111  62.06812848 -007.28075620
111  62.06811103 -007.28077552
111  62.06810852 -007.28076516
113  62.06812593 -007.28074575
110 2 0.00 28.0000 Walkway Patch
111  62.06813275 -007.28077332
111  62.06811531 -007.28079264
111  62.06811280 -007.28078228
113  62.06813020 -007.28076287
110 2 0.00 28.0000 Walkway Patch
111  62.06814173 -007.28081075
111  62.06812428 -007.28083007
111  62.06812177 -007.28081971
113  62.06813917 -007.28080030
110 2 0.00 28.0000 Walkway Patch
111  62.06814990 -007.28084442
111  62.06813246 -007.28086374
111  62.06812995 -007.28085338
113  62.06814735 -007.28083396
110 2 0.00 28.0000 Walkway Patch
111  62.06814598 -007.28082800
111  62.06812853 -007.28084732
111  62.06812602 -007.28083696
113  62.06814343 -007.28081755
110 2 0.00 28.0000 Walkway Patch
111  62.06815378 -007.28086048
111  62.06813633 -007.28087980
111  62.06813382 -007.28086944
113  62.06815123 -007.28085003
110 2 0.00 117.5000 Old Terminal Walkway - Concrete
111  62.06791790 -007.28121450
111  62.06788330 -007.28125115
111  62.06760655 -007.28009757
111  62.06763871 -007.28006201
111  62.06772316 -007.28040825 20
111  62.06773836 -007.28039121 20
111  62.06775581 -007.28037171 20
111  62.06781349 -007.28030700 20
111  62.06783210 -007.28028613 20
111  62.06785028 -007.28026576 20
111  62.06787020 -007.28024342 20
111  62.06791946 -007.28018821 20
111  62.06795863 -007.28014430
111  62.06797765 -007.28022369 20
111  62.06793881 -007.28026690 20
111  62.06788931 -007.28032197 20
111  62.06786998 -007.28034349 20
111  62.06785174 -007.28036377 20
111  62.06783264 -007.28038503 20
111  62.06777480 -007.28044938 20
111  62.06775733 -007.28046882 20
111  62.06774261 -007.28048520
111  62.06787496 -007.28103578 20
111  62.06789152 -007.28101732 20
111  62.06790912 -007.28099759 20
111  62.06796741 -007.28093281 20
111  62.06798598 -007.28091213 20
111  62.06799939 -007.28096621 20
111  62.06792233 -007.28105102 20
111  62.06790454 -007.28107061 20
113  62.06788788 -007.28108902
110 1 0.00 1.0000 Old Road
111  62.06979452 -007.27947208 20
112  62.06974615 -007.27933036  62.06971988 -007.27927858 20
111  62.06965810 -007.27927613 20
111  62.06912458 -007.27929943
111  62.06908381 -007.27930122
111  62.06892886 -007.27930800
111  62.06821632 -007.27933911
111  62.06822666 -007.27914806
111  62.06849146 -007.27913605 20
111  62.06888140 -007.27911835 20
111  62.06907109 -007.27910975 20
111  62.06965596 -007.27908321 20
112  62.06975955 -007.27903485  62.06978610 -007.27898310 20
113  62.06981010 -007.27888421
110 1 0.00 74.0000 Terminal Area & New Road
111  62.06726579 -007.27987291
111  62.06726929 -007.27973029
111  62.06676652 -007.27763700
111  62.06671036 -007.27740436
112  62.06669620 -007.27728409  62.06669478 -007.27722610
111  62.06670640 -007.27715016
111  62.06675912 -007.27674583
111  62.06673876 -007.27631180
111  62.06680120 -007.27624302
111  62.06693499 -007.27608206
111  62.06709653 -007.27617740
111  62.06717411 -007.27561538
111  62.06739803 -007.27601999
111  62.06729719 -007.27677594
111  62.06728822 -007.27684362
111  62.06732122 -007.27686433
111  62.06727611 -007.27719910 20
111  62.06722439 -007.27716722 20
111  62.06722080 -007.27719369 20
112  62.06722817 -007.27724273  62.06724046 -007.27726216 20
111  62.06725477 -007.27724609 20
111  62.06727701 -007.27722415
111  62.06743197 -007.27608064
111  62.06753392 -007.27626280
111  62.06747592 -007.27670980 20
111  62.06744570 -007.27693392 20
112  62.06745859 -007.27706360  62.06747591 -007.27713943 20
112  62.06755284 -007.27724487  62.06761165 -007.27730135 20
112  62.06781257 -007.27754619  62.06791936 -007.27772316 20
112  62.06804059 -007.27810209  62.06809647 -007.27829541 20
111  62.06814785 -007.27850446
112  62.06821817 -007.27887225  62.06823576 -007.27905338
111  62.06822366 -007.27921491
111  62.06817585 -007.28001388
112  62.06817585 -007.28001388  62.06817409 -007.28004079
111  62.06818481 -007.28003324
111  62.06856996 -007.27975400
111  62.06859666 -007.27986433
111  62.06813237 -007.28020854 21
111  62.06810113 -007.28018814
112  62.06810113 -007.28018814  62.06810152 -007.28017975 20
111  62.06809863 -007.28017897 20
112  62.06792041 -007.27985353  62.06785509 -007.27958797
111  62.06792041 -007.27985353 20
112  62.06786995 -007.27966940  62.06785100 -007.27962173 20
111  62.06784208 -007.27958519 20
111  62.06779829 -007.27941121 20
111  62.06777078 -007.27938453
112  62.06777078 -007.27938453  62.06775709 -007.27937123 20
112  62.06772056 -007.27925173  62.06770282 -007.27917740
111  62.06772056 -007.27925173
111  62.06757820 -007.27950870
113  62.06759890 -007.27959198
112  62.06798132 -007.27817274  62.06791789 -007.27795931 20
112  62.06777269 -007.27766727  62.06769142 -007.27753347 20
112  62.06755254 -007.27747752  62.06753019 -007.27753185 20
112  62.06752209 -007.27771149  62.06752581 -007.27781569 20
111  62.06756023 -007.27797478 20
111  62.06803847 -007.27992612
112  62.06803847 -007.27992612  62.06805701 -007.27999969 20
111  62.06808956 -007.28003182 20
112  62.06811232 -007.28000163  62.06811548 -007.27995008
111  62.06811232 -007.28000163 20
111  62.06815875 -007.27919841 20
112  62.06815020 -007.27888869  62.06813357 -007.27871644 20
113  62.06809281 -007.27856888 20
111  62.06746882 -007.27818242
111  62.06744279 -007.27803859 20
112  62.06742682 -007.27777237  62.06742877 -007.27760906 20
111  62.06745439 -007.27752350 20
112  62.06746757 -007.27741706  62.06746575 -007.27737171 20
111  62.06743569 -007.27739336 20
111  62.06733909 -007.27744465 20
111  62.06732452 -007.27745238 20
111  62.06729726 -007.27746570 20
112  62.06727922 -007.27750753  62.06727280 -007.27754349 20
111  62.06728705 -007.27759009 20
111  62.06733786 -007.27753741
111  62.06736384 -007.27765141
111  62.06734898 -007.27766680
111  62.06739922 -007.27788190
111  62.06738792 -007.27789329
113  62.06745704 -007.27819581
112  62.06734083 -007.27714278  62.06734002 -007.27712811 20
112  62.06732759 -007.27707441  62.06732202 -007.27702889 20
111  62.06732268 -007.27699675
111  62.06729489 -007.27720553 20
113  62.06733567 -007.27716258 20
110 1 0.00 117.9500 Old Parking Lot
111  62.06821632 -007.27933911
111  62.06892886 -007.27930800
111  62.06901307 -007.27964441
111  62.06904447 -007.27976571
112  62.06904468 -007.27977105  62.06904425 -007.27977315
111  62.06904291 -007.27977424
111  62.06887361 -007.27987238 20
111  62.06860703 -007.28002838
111  62.06859130 -007.28001207
111  62.06833099 -007.28016114
112  62.06833099 -007.28016114  62.06831950 -007.28016810
112  62.06830619 -007.28022709  62.06829952 -007.28026945
112  62.06817288 -007.28027321  62.06807076 -007.28026664
111  62.06817288 -007.28027321
112  62.06817288 -007.28027321  62.06816130 -007.28026968
111  62.06816087 -007.28028949
111  62.06815717 -007.28035831
112  62.06815968 -007.28038726  62.06816338 -007.28040194
111  62.06815968 -007.28038726
111  62.06826069 -007.28082238
112  62.06826414 -007.28093235  62.06825491 -007.28099162
111  62.06822036 -007.28102671
111  62.06769810 -007.28163977
111  62.06726579 -007.27987291
111  62.06759890 -007.27959198
111  62.06769683 -007.27948381
112  62.06769683 -007.27948381  62.06772524 -007.27945148
111  62.06776528 -007.27949844
111  62.06777078 -007.27938453
111  62.06749539 -007.27766025
111  62.06755500 -007.27742483
111  62.06757586 -007.27745547
112  62.06753592 -007.27770589  62.06754490 -007.27784995
111  62.06757561 -007.27796013
111  62.06776268 -007.27872305
111  62.06785152 -007.27857768
111  62.06794413 -007.27855634
111  62.06810089 -007.27868548
111  62.06812185 -007.27866240
111  62.06813106 -007.27871406
111  62.06810514 -007.27872767
111  62.06794189 -007.27859135
111  62.06785852 -007.27860930
111  62.06777080 -007.27875571
111  62.06805373 -007.27990960
112  62.06805373 -007.27990960  62.06806898 -007.27997043
111  62.06809055 -007.27999099
112  62.06809642 -007.27998286  62.06809707 -007.27996865
111  62.06809642 -007.27998286
111  62.06810223 -007.27987819
112  62.06810223 -007.27987819  62.06810362 -007.27985410
111  62.06812727 -007.27984733
111  62.06816672 -007.27920121
111  62.06814785 -007.27850446
111  62.06821012 -007.27843588
112  62.06826609 -007.27841001  62.06829690 -007.27841743
111  62.06831752 -007.27851197
111  62.06836510 -007.27846147
111  62.06841950 -007.27868006
112  62.06841950 -007.27868006  62.06842652 -007.27870278
111  62.06843500 -007.27868794
111  62.06832694 -007.27824405
111  62.06864056 -007.27790296
111  62.06886005 -007.27883625
111  62.06873297 -007.27897930
111  62.06850694 -007.27897726
111  62.06846725 -007.27881519
111  62.06841104 -007.27888178
111  62.06846674 -007.27910371
112  62.06846674 -007.27910371  62.06847504 -007.27913679
111  62.06849146 -007.27913605
113  62.06822666 -007.27914806
112  62.06808303 -007.28034988  62.06818758 -007.28049073
111  62.06808303 -007.28034988
112  62.06808303 -007.28034988  62.06808980 -007.28035132
111  62.06809318 -007.28032975 20
111  62.06809862 -007.28023290 20
111  62.06810113 -007.28018814
112  62.06810113 -007.28018814  62.06810152 -007.28017975
111  62.06809863 -007.28017897 20
112  62.06792041 -007.27985353  62.06785509 -007.27958797
111  62.06792041 -007.27985353 20
112  62.06786995 -007.27966940  62.06785100 -007.27962173 20
111  62.06784208 -007.27958519 20
111  62.06779829 -007.27941121
111  62.06778300 -007.27952480
112  62.06782345 -007.27961485  62.06784632 -007.27967863
111  62.06786322 -007.27974755
113  62.06793271 -007.28003577
110 1 0.00 90.0000 Asphalt Patch
111  62.06892886 -007.27930800
111  62.06908381 -007.27930122
112  62.06903933 -007.27934631  62.06902241 -007.27938632
111  62.06902047 -007.27944279
113  62.06901307 -007.27964441
110 1 0.00 117.9500 Asphalt Walkway
111  62.06732452 -007.27745238 20
111  62.06733909 -007.27744465
111  62.06738252 -007.27763661
112  62.06741538 -007.27784317  62.06742991 -007.27796436
111  62.06744279 -007.27803859 20
111  62.06749745 -007.27827873
111  62.06748681 -007.27829854
111  62.06743170 -007.27805262
112  62.06740106 -007.27785229  62.06738545 -007.27772939
113  62.06736858 -007.27764831
110 1 0.00 0.0000 Connection Patch
111  62.06630349 -007.27947518
112  62.06628189 -007.27944517  62.06626597 -007.27944624
111  62.06625510 -007.27944635
111  62.06616364 -007.27942546
111  62.06615322 -007.27921777
111  62.06624855 -007.27914662
112  62.06626652 -007.27911692  62.06627685 -007.27909014
113  62.06627271 -007.27898753
110 2 0.00 74.6000 Concrete Patch Ramp 2
111  62.06736224 -007.28101612
111  62.06733966 -007.28119156
111  62.06728982 -007.28116233
113  62.06731240 -007.28098689
110 2 0.00 117.9500 Concrete Patch Ramp 3
111  62.06723710 -007.28048407
111  62.06704715 -007.28069392
111  62.06694782 -007.28029121
111  62.06704137 -007.28018420
111  62.06702940 -007.28013335
111  62.06709754 -007.28005708
111  62.06711043 -007.28010884
113  62.06713732 -007.28007909
110 2 0.00 117.9500 Concrete Patch Ramp 4
111  62.06705343 -007.27950357
111  62.06686560 -007.27971661
111  62.06676544 -007.27931501
113  62.06695466 -007.27910231
110 2 0.00 117.9500 Concrete Patch Ramp 5
111  62.06687672 -007.27862806
111  62.06669301 -007.27882831
111  62.06659035 -007.27841390
113  62.06677507 -007.27820995
110 1 0.00 117.9500 Taxiways & Apron
111  62.06474110 -007.28110010 3 102
111  62.06501649 -007.28129661 3 102
111  62.06531052 -007.28101235 3 102
111  62.06548400 -007.28084464 3 102
112  62.06560323 -007.28076069  62.06566134 -007.28072968 3 102
111  62.06573519 -007.28070852
112  62.06576069 -007.28056007  62.06574834 -007.28041882
111  62.06569845 -007.28010284
111  62.06552060 -007.27967462
111  62.06586067 -007.27905526
111  62.06576160 -007.27880475
111  62.06587892 -007.27859398
111  62.06600657 -007.27891076
111  62.06608917 -007.27876360
112  62.06613875 -007.27871550  62.06617073 -007.27868515
111  62.06618555 -007.27875296
112  62.06623299 -007.27903553  62.06624717 -007.27909396
111  62.06626652 -007.27911692
111  62.06627402 -007.27917408
111  62.06628514 -007.27939070
111  62.06628189 -007.27944517
112  62.06627635 -007.27953212  62.06628047 -007.27960765
112  62.06629975 -007.28013564  62.06629330 -007.28025803
111  62.06626203 -007.28042841
111  62.06612558 -007.28064386
111  62.06612556 -007.28069586 3 102
111  62.06627758 -007.28045817 3 102
112  62.06632245 -007.28008986  62.06632774 -007.27994326 3 102
111  62.06630662 -007.27960826 3 102
111  62.06627271 -007.27898753 3 102
112  62.06623388 -007.27870888  62.06620623 -007.27858305 3 102
111  62.06613621 -007.27828359 3 102
111  62.06551551 -007.27574780
111  62.06590456 -007.27530332
111  62.06641683 -007.27472230
111  62.06665122 -007.27563303
111  62.06679992 -007.27545383
111  62.06680480 -007.27535997
111  62.06700743 -007.27512041
111  62.06710411 -007.27548889
111  62.06717411 -007.27561538
111  62.06709653 -007.27617740
111  62.06693499 -007.27608206
111  62.06680120 -007.27624302
111  62.06673876 -007.27631180
111  62.06647139 -007.27660630
111  62.06630964 -007.27678447 3
112  62.06620585 -007.27692453  62.06615273 -007.27700842 3
111  62.06612011 -007.27710026 3
112  62.06608332 -007.27732680  62.06608404 -007.27745107 3
111  62.06611178 -007.27757638 3
111  62.06630483 -007.27837199
111  62.06660171 -007.27801164
111  62.06670639 -007.27770687
111  62.06676652 -007.27763700
111  62.06680777 -007.27780872
111  62.06683354 -007.27791602
111  62.06726929 -007.27973029
111  62.06726579 -007.27987291
111  62.06769810 -007.28163977
111  62.06779129 -007.28202062
111  62.06769706 -007.28213526
112  62.06767715 -007.28220656  62.06766806 -007.28223359
111  62.06765413 -007.28226290 3
111  62.06738414 -007.28257493
111  62.06728837 -007.28264870 3 102
111  62.06701717 -007.28178992 3 102
112  62.06685444 -007.28138080  62.06676186 -007.28122319 3 102
111  62.06661389 -007.28114867 3 102
112  62.06636148 -007.28103736  62.06621850 -007.28099483 3 102
111  62.06611862 -007.28100950 3 102
112  62.06608229 -007.28103345  62.06606292 -007.28105600 3
111  62.06605948 -007.28109209 3
111  62.06604312 -007.28138558 3
112  62.06611417 -007.28159092  62.06612509 -007.28174005 3
111  62.06607000 -007.28184461
111  62.06599715 -007.28192534 3
112  62.06585280 -007.28173284  62.06581860 -007.28153400 3
111  62.06590949 -007.28139730 3
111  62.06588668 -007.28109826
112  62.06588668 -007.28109826  62.06587921 -007.28109556 3 102
112  62.06577444 -007.28110070  62.06569436 -007.28111484 3 102
111  62.06555691 -007.28121804 3 102
111  62.06510126 -007.28166538 3 102
113  62.06501405 -007.28219874
111  62.06704137 -007.28018420
111  62.06694782 -007.28029121
111  62.06704715 -007.28069392
111  62.06723710 -007.28048407
111  62.06713732 -007.28007909
111  62.06711043 -007.28010884
111  62.06709754 -007.28005708
113  62.06702940 -007.28013335
111  62.06695466 -007.27910231
111  62.06676544 -007.27931501
111  62.06686560 -007.27971661
113  62.06705343 -007.27950357
111  62.06677507 -007.27820995
111  62.06659035 -007.27841390
111  62.06669301 -007.27882831
113  62.06687672 -007.27862806
110 2 0.00 18.0000 Concrete Patch
111  62.06727178 -007.28421240 20
111  62.06717009 -007.28427898
112  62.06717009 -007.28427898  62.06715684 -007.28428854 20
112  62.06714674 -007.28422844  62.06713889 -007.28417316
111  62.06714674 -007.28422844
111  62.06713981 -007.28418235
112  62.06713981 -007.28418235  62.06713601 -007.28415758 20
112  62.06714825 -007.28414151  62.06715860 -007.28413389
111  62.06714825 -007.28414151 20
111  62.06725576 -007.28407083
113  62.06726862 -007.28418617 20
110 2 0.00 11.5000 Concrete Patch - Maintenance
112  62.06792666 -007.28473329  62.06794147 -007.28487476
111  62.06792666 -007.28473329
111  62.06731077 -007.28499666
111  62.06725412 -007.28502187
111  62.06686151 -007.28519001
111  62.06675202 -007.28466960
111  62.06683991 -007.28451569
112  62.06698443 -007.28461366  62.06708565 -007.28457349
111  62.06698443 -007.28461366
111  62.06697950 -007.28449254
112  62.06697950 -007.28449254  62.06697716 -007.28443679
111  62.06700094 -007.28443007
111  62.06741910 -007.28422288
112  62.06759151 -007.28420583  62.06763166 -007.28425764
111  62.06759151 -007.28420583
111  62.06782618 -007.28449162
114  62.06782618 -007.28449162  62.06786555 -007.28454072
110 1 0.00 117.9500 Tower & Maintenance
111  62.06738414 -007.28257493
111  62.06754119 -007.28306994
111  62.06756997 -007.28314653
111  62.06767219 -007.28342608
112  62.06770420 -007.28346585  62.06772315 -007.28347090
111  62.06774235 -007.28344986
111  62.06793033 -007.28323701
111  62.06804013 -007.28367655
111  62.06789651 -007.28384023
111  62.06806964 -007.28557176
111  62.06797230 -007.28575143
112  62.06800366 -007.28562613  62.06801462 -007.28555261
111  62.06800586 -007.28549909
111  62.06792666 -007.28473329
111  62.06782618 -007.28449162
111  62.06759691 -007.28421000
112  62.06762838 -007.28403970  62.06761978 -007.28393719
111  62.06747829 -007.28334007
111  62.06740800 -007.28312350
112  62.06734569 -007.28307506  62.06731155 -007.28310380
111  62.06728031 -007.28314812
111  62.06684189 -007.28377586
111  62.06686827 -007.28386580
111  62.06672290 -007.28405924 20
111  62.06678410 -007.28433927
112  62.06678410 -007.28433927  62.06679288 -007.28437792 20
111  62.06679870 -007.28438049 20
112  62.06685492 -007.28436662  62.06690257 -007.28433536
111  62.06685492 -007.28436662 20
111  62.06713981 -007.28418235
111  62.06725576 -007.28407083 20
112  62.06726916 -007.28397471  62.06728369 -007.28394732 20
111  62.06732186 -007.28392969 20
111  62.06733688 -007.28414183 20
111  62.06726862 -007.28418617
111  62.06714674 -007.28422844 20
111  62.06686389 -007.28441020
112  62.06686389 -007.28441020  62.06683860 -007.28442725 20
111  62.06683147 -007.28448903 20
111  62.06683991 -007.28451569
111  62.06675202 -007.28466960
112  62.06673742 -007.28455105  62.06673075 -007.28450925
111  62.06667298 -007.28429405
112  62.06660313 -007.28416671  62.06655906 -007.28413984
111  62.06651474 -007.28419239
111  62.06618891 -007.28454841
111  62.06586645 -007.28490073
112  62.06582306 -007.28498697  62.06580729 -007.28503439
111  62.06579724 -007.28512167
111  62.06572575 -007.28483643
112  62.06579402 -007.28486951  62.06581767 -007.28486186
111  62.06585048 -007.28483594
111  62.06649147 -007.28411102
111  62.06662622 -007.28392260
112  62.06663749 -007.28387940  62.06663868 -007.28385664
111  62.06662969 -007.28382612
111  62.06646879 -007.28333177
111  62.06638518 -007.28308637
111  62.06635128 -007.28311307
111  62.06633039 -007.28304989
111  62.06635510 -007.28299089
111  62.06627514 -007.28275086
112  62.06612637 -007.28262678  62.06606893 -007.28243743
111  62.06611393 -007.28228049
111  62.06599715 -007.28192534
111  62.06607000 -007.28184461
111  62.06618071 -007.28217461
112  62.06632582 -007.28221816  62.06639126 -007.28233259
111  62.06638102 -007.28250651
111  62.06644541 -007.28252790
111  62.06675433 -007.28209847
111  62.06703539 -007.28299929
113  62.06728837 -007.28264870
110 2 0.00 74.0000 Terminal Concrete Patch 1
111  62.06692186 -007.27608091
111  62.06694259 -007.27592484
111  62.06712912 -007.27604117
113  62.06710854 -007.27619262
110 4 0.00 0.0000 Fuel Station Dirt Path
111  62.06754119 -007.28306994
111  62.06767727 -007.28285335
111  62.06771709 -007.28282126
111  62.06782504 -007.28282812
111  62.06789651 -007.28256578
111  62.06802681 -007.28242069
111  62.06803421 -007.28248494
111  62.06794096 -007.28259235
111  62.06786947 -007.28285611
111  62.06782837 -007.28291388
111  62.06772815 -007.28291357
111  62.06769923 -007.28293867
113  62.06756997 -007.28314653
110 5 0.00 75.0000 Gravel Patch
111  62.06676652 -007.27763700
111  62.06670639 -007.27770687
111  62.06660171 -007.27801164
111  62.06630483 -007.27837199
111  62.06611178 -007.27757638
111  62.06608028 -007.27744732
111  62.06627798 -007.27722085
111  62.06625921 -007.27714630
111  62.06653026 -007.27685377
111  62.06647139 -007.27660630
111  62.06673876 -007.27631180
111  62.06675912 -007.27674583
113  62.06669620 -007.27728409
110 4 0.00 0.0000 Fence Road
111  62.06591328 -007.27732397
111  62.06577705 -007.27729490
111  62.06513723 -007.27670021
111  62.06496774 -007.27635016
111  62.06047183 -007.25795950
111  62.05936891 -007.25671223
111  62.05921287 -007.25671409
111  62.05834174 -007.25796026
111  62.05791914 -007.26073996
111  62.06599365 -007.29361975
111  62.06718118 -007.29496790
111  62.06742766 -007.29500687
111  62.06833690 -007.29376704
111  62.06854124 -007.29089148
111  62.06779979 -007.28823829
111  62.06766439 -007.28711700
111  62.06725412 -007.28502187
111  62.06731077 -007.28499666
111  62.06732488 -007.28506841
111  62.06771938 -007.28707378
111  62.06785802 -007.28819797
111  62.06858756 -007.29086872
111  62.06837777 -007.29381247
111  62.06743377 -007.29509511
111  62.06717398 -007.29504859
111  62.06596564 -007.29369462
111  62.05787503 -007.26074878
111  62.05831519 -007.25791507
111  62.05920223 -007.25664205
111  62.05937668 -007.25663769
111  62.06049754 -007.25790128
111  62.06500123 -007.27631276
111  62.06515930 -007.27663619
111  62.06577614 -007.27721625
113  62.06587819 -007.27718577
110 1 0.00 117.9500 New Parking Area
111  62.06801472 -007.27620347 20
111  62.06755048 -007.27672731 20
111  62.06749306 -007.27669101 20
112  62.06748301 -007.27669258  62.06747769 -007.27669731 20
111  62.06747592 -007.27670980
111  62.06753392 -007.27626280
111  62.06743197 -007.27608064
111  62.06739803 -007.27601999
111  62.06710411 -007.27548889 20
111  62.06750669 -007.27503158 20
111  62.06754334 -007.27501580 20
111  62.06772237 -007.27510994 20
113  62.06775301 -007.27515980 20
110 5 0.00 0.0000 Gravel Path Maintenance
111  62.06796517 -007.28131307
111  62.06799162 -007.28128142
111  62.06809846 -007.28174374
112  62.06818794 -007.28240110  62.06820782 -007.28270836
111  62.06817419 -007.28335628
111  62.06803970 -007.28532412
111  62.06801058 -007.28503624
111  62.06803291 -007.28502065
111  62.06815242 -007.28335273
112  62.06817038 -007.28241126  62.06815465 -007.28212638
113  62.06808027 -007.28176102
110 1 0.00 0.0000 Asphalt Patch Dumpsters
111  62.06768108 -007.28346063
111  62.06761583 -007.28328071
111  62.06764920 -007.28322300
113  62.06771546 -007.28340187
110 2 0.00 27.0000 Beacon Concrete Pad
111  62.06475613 -007.27705268
111  62.06464042 -007.27717936
111  62.06457870 -007.27692140
113  62.06469514 -007.27679220
110 4 0.00 0.0000 Beacon Dirt Path
111  62.06545076 -007.28089817
111  62.06527287 -007.28026072
111  62.06508883 -007.27989043
111  62.06487721 -007.27887777
111  62.06460408 -007.27815090
111  62.06439512 -007.27738754
111  62.06442673 -007.27700900
111  62.06467862 -007.27672560
111  62.06469514 -007.27679220
111  62.06457870 -007.27692140
111  62.06464042 -007.27717936
111  62.06461969 -007.27720163
111  62.06454569 -007.27700956
111  62.06445460 -007.27707615
111  62.06442837 -007.27736723
111  62.06462916 -007.27810505
111  62.06490042 -007.27883381
111  62.06511546 -007.27986377
111  62.06529784 -007.28022848
113  62.06548003 -007.28087113
130 Airport Boundary 2
111  62.06744457 -007.29513702
111  62.06716995 -007.29507609
111  62.06593940 -007.29370739
111  62.05783018 -007.26069713
111  62.05826611 -007.25779632
111  62.05854943 -007.25738856
111  62.05929789 -007.25639797
111  62.06005076 -007.25687416
111  62.06040397 -007.25721094
111  62.06064735 -007.25772133
111  62.06231903 -007.26461107
111  62.06490629 -007.27450433
111  62.06531574 -007.27492501
111  62.06583136 -007.27460141
111  62.06642280 -007.27398657
111  62.06863330 -007.27478938
111  62.06981025 -007.27888078
111  62.06979587 -007.27947461
111  62.06840161 -007.28169081
111  62.06811398 -007.28614746
111  62.06796840 -007.28762346
111  62.06862322 -007.29087078
113  62.06839633 -007.29386629
120 Danger Zone - Ramp 1 & 2
111  62.06726235 -007.28068778 20
112  62.06749175 -007.28094718  62.06757521 -007.28124465 20
111  62.06749175 -007.28152250 20
112  62.06769465 -007.28175950  62.06776355 -007.28204226 20
115  62.06765413 -007.28226290
120 Danger Zone - Ramp 3 & 4L
111  62.06726235 -007.28068778 20
112  62.06728220 -007.27993845  62.06713805 -007.27952481 20
111  62.06694103 -007.27979150 20
111  62.06675540 -007.28001401 20
111  62.06676452 -007.28007229 20
111  62.06699276 -007.27980182 20
111  62.06705158 -007.27936597 20
115  62.06710233 -007.27930438
120 Danger Zone - Ramp 4R
111  62.06704189 -007.27906024 20
111  62.06699070 -007.27912003 20
111  62.06680178 -007.27898202 20
115  62.06663921 -007.27917485
120 Danger Zone - Ramp 5L
111  62.06680178 -007.27898202 20
111  62.06683570 -007.27894330 20
111  62.06690194 -007.27851861 20
115  62.06694630 -007.27846560
120 Danger Zone - Ramp 5R
111  62.06688701 -007.27822573 20
111  62.06684165 -007.27827815 20
111  62.06663701 -007.27817995 20
115  62.06643803 -007.27841354
120 Danger Zone - Top
111  62.06679284 -007.27784472 20
111  62.06688701 -007.27822573 20
111  62.06694630 -007.27846560 20
111  62.06698213 -007.27861057 20
111  62.06699373 -007.27886568 20
111  62.06704189 -007.27906024 20
111  62.06710233 -007.27930438 20
115  62.06722921 -007.27981696
120 Apron Border R
111  62.06630483 -007.27837199 1
112  62.06631589 -007.27838959  62.06632379 -007.27839395 1
111  62.06632847 -007.27838759 1
115  62.06680777 -007.27780872
120 Taxi Centerline A
111  62.06504868 -007.28149182 1
111  62.06551922 -007.28103503 1
112  62.06569419 -007.28092262  62.06578276 -007.28088528 1
111  62.06589878 -007.28087534 1
112  62.06610320 -007.28085342  62.06620358 -007.28084966 1
111  62.06632385 -007.28087052 1
112  62.06660339 -007.28098276  62.06672176 -007.28105031 1
112  62.06684043 -007.28117455  62.06695395 -007.28130193 1
111  62.06703043 -007.28155002 1
115  62.06721538 -007.28218004
120 Taxi Centerline B2
111  62.06596536 -007.27728289 1
112  62.06595327 -007.27715992  62.06595808 -007.27710989 1
111  62.06597510 -007.27708649 1
115  62.06604721 -007.27699470
120 Taxi Centerline B
111  62.06632385 -007.28087052 1
112  62.06651242 -007.28061580  62.06657791 -007.28038590 1
111  62.06654166 -007.28009492 1
112  62.06646235 -007.27949458  62.06640923 -007.27916837
111  62.06646235 -007.27949458
112  62.06646235 -007.27949458  62.06639322 -007.27904565 1
111  62.06632509 -007.27876836 1
111  62.06596536 -007.27728289 1
115  62.06562987 -007.27589752
120 12/30 Runway Hold
111  62.06548400 -007.28084464 4 103
115  62.06555691 -007.28121804
120 Ramp 1 Number
111  62.06724653 -007.28231314 1
111  62.06725856 -007.28231703 1
115  62.06724430 -007.28227407
120 Linear Feature 9
111  62.06722798 -007.28224430 1
115  62.06723643 -007.28225276
120 Linear Feature 8
111  62.06723613 -007.28223301 1
115  62.06723640 -007.28225195
120 Linear Feature 7
111  62.06722127 -007.28220123 1
115  62.06723643 -007.28225276
120 Ramp 1 Centerline & OUT
111  62.06753453 -007.28231329 1
111  62.06758009 -007.28200458 1
111  62.06758460 -007.28197403 1
111  62.06759334 -007.28191481 1
112  62.06746379 -007.28175800  62.06736597 -007.28178695 1
111  62.06735639 -007.28204693 1
115  62.06733086 -007.28207561
120 Ramp 1 IN
111  62.06726583 -007.28234432 1
112  62.06730895 -007.28243736  62.06733026 -007.28247251 1
111  62.06737172 -007.28244682 1
111  62.06753453 -007.28231329 1
111  62.06761429 -007.28225040 1
112  62.06761324 -007.28211652  62.06760330 -007.28204543 1
115  62.06758009 -007.28200458
120 Ramp 1 Stairway L
111  62.06759334 -007.28191481 1
115  62.06764956 -007.28195305
120 Ramp 1 Stairway R
111  62.06758460 -007.28197403 1
115  62.06764139 -007.28201125
120 Ramp 2 Number
111  62.06709670 -007.28154296 1
112  62.06709977 -007.28152332  62.06709585 -007.28151060 1
111  62.06708870 -007.28152659 1
111  62.06707780 -007.28154768 1
115  62.06707659 -007.28152309
120 Linear Feature 9
111  62.06706247 -007.28155084 1
115  62.06706971 -007.28153826
120 Linear Feature 8
111  62.06706124 -007.28153026 1
115  62.06706935 -007.28153797
120 Linear Feature 7
111  62.06704138 -007.28154502 1
115  62.06706971 -007.28153826
120 Ramp 2 Centerline
111  62.06739551 -007.28081264 1
111  62.06736544 -007.28103386 1
111  62.06735557 -007.28110646 1
111  62.06735178 -007.28113430 1
115  62.06730534 -007.28147593
120 Ramp 2 IN
111  62.06711212 -007.28152612 1
111  62.06730534 -007.28147593 1
111  62.06736935 -007.28145868 1
112  62.06738959 -007.28129634  62.06738694 -007.28120799 1
115  62.06735178 -007.28113430
120 Ramp 2 OUT
111  62.06736544 -007.28103386 1
112  62.06722822 -007.28097057  62.06713910 -007.28102776 1
111  62.06713714 -007.28123410 1
115  62.06707292 -007.28130607
120 Ramp 2 Stairway L
111  62.06743947 -007.28108104 1
115  62.06736544 -007.28103386
120 Ramp 2 Stairway R
111  62.06743013 -007.28115390 1
115  62.06735557 -007.28110646
120 Ramp 3 Number
111  62.06678379 -007.28091154 1
112  62.06677464 -007.28090050  62.06676905 -007.28090696 1
111  62.06677228 -007.28091977 1
112  62.06676346 -007.28091214  62.06675716 -007.28091906 1
115  62.06676213 -007.28093525
120 Linear Feature 9
111  62.06674208 -007.28096411 1
115  62.06674668 -007.28094676
120 Linear Feature 8
111  62.06673743 -007.28094590 1
115  62.06674630 -007.28094676
120 Linear Feature 7
111  62.06672145 -007.28097510 1
115  62.06674668 -007.28094676
120 Ramp 3 Centerline
111  62.06679757 -007.28088779 1
111  62.06709111 -007.28055558 1
111  62.06713548 -007.28022593 1
111  62.06713868 -007.28020217 1
111  62.06714772 -007.28013499 1
115  62.06717884 -007.27990376
120 Ramp 3 IN
111  62.06709111 -007.28055558 1
111  62.06718305 -007.28045270 1
112  62.06717981 -007.28033390  62.06717019 -007.28026329 1
115  62.06713548 -007.28022593
120 Ramp 3 OUT
111  62.06714772 -007.28013499 1
112  62.06701194 -007.28007220  62.06692282 -007.28012939 1
111  62.06692086 -007.28033572 1
115  62.06684185 -007.28042675
120 Ramp 3 Stairway L
111  62.06721981 -007.28018079 1
115  62.06714772 -007.28013499
120 Ramp 3 Stairway R
111  62.06721112 -007.28025307 1
115  62.06713868 -007.28020217
120 Linear Feature 12
111  62.06660648 -007.27972565 1
115  62.06658499 -007.27975106
120 Linear Feature 11
111  62.06661323 -007.27974463 1
111  62.06659986 -007.27976072 1
115  62.06659173 -007.27973047
120 Linear Feature 9
111  62.06657132 -007.27978930 1
115  62.06657592 -007.27977195
120 Linear Feature 8
111  62.06656692 -007.27977162 1
115  62.06657554 -007.27977195
120 Linear Feature 7
111  62.06654995 -007.27980242 1
115  62.06657592 -007.27977195
120 Ramp 4 Centerline
111  62.06703847 -007.27922392 1
111  62.06700696 -007.27926183 1
111  62.06697933 -007.27929462 1
115  62.06662456 -007.27971572
120 Ramp 4 Stairway R
111  62.06697933 -007.27929462 1
115  62.06701803 -007.27944429
120 Ramp 4 Stairway L
111  62.06700696 -007.27926183 1
115  62.06704511 -007.27941110
120 Ramp 5 Number
111  62.06647252 -007.27886760 1
111  62.06647879 -007.27889149 1
111  62.06646815 -007.27890421 1
112  62.06645616 -007.27888639  62.06644853 -007.27889540 1
115  62.06645709 -007.27891678
120 Linear Feature 9
111  62.06643412 -007.27894092 1
115  62.06643868 -007.27892354
120 Linear Feature 8
111  62.06642968 -007.27892329 1
115  62.06643830 -007.27892354
120 Linear Feature 7
111  62.06641277 -007.27895424 1
115  62.06643868 -007.27892354
120 Ramp 5 Centerline
111  62.06649199 -007.27886213 1
111  62.06684855 -007.27842913 1
111  62.06687562 -007.27839626 1
115  62.06690963 -007.27835495
120 Ramp 5 Stairway L
111  62.06687562 -007.27839626 1
115  62.06691745 -007.27855838
120 Ramp 5 Stairway R
111  62.06684855 -007.27842913 1
115  62.06689034 -007.27859130
120 Ramp 5 Edge L
111  62.06685833 -007.27882334 22
115  62.06663357 -007.27908946
120 Ramp 5 Edge R
111  62.06682149 -007.27792591 22
115  62.06644359 -007.27837003
120 Ramp 5 Threshold
111  62.06667588 -007.27914021 20
115  62.06643208 -007.27822018
120 Ramp 23 Circle
112  62.06618961 -007.28003193  62.06623348 -007.27998142 1
112  62.06622467 -007.27977175  62.06620154 -007.27967727 1
112  62.06609848 -007.27969791  62.06605121 -007.27975407 1
114  62.06606590 -007.27996599  62.06609123 -007.28006118 1
120 Ramp 24 Circle
112  62.06605481 -007.27943842  62.06612822 -007.27932627 1
111  62.06608112 -007.27916479 1
112  62.06595538 -007.27910936  62.06588289 -007.27920662 1
113  62.06592346 -007.27937673 1
120 Taxi Line Ramp 24
111  62.06592114 -007.27943243 1
111  62.06585142 -007.27956415 1
112  62.06582971 -007.27965018  62.06582745 -007.27969557 1
111  62.06582957 -007.27974549 1
115  62.06585079 -007.28034757
120 Taxi Line Ramp 23
111  62.06605239 -007.27997784 1
111  62.06589032 -007.28016851 1
112  62.06586248 -007.28023803  62.06584606 -007.28029645 1
111  62.06585079 -007.28034757 1
115  62.06585832 -007.28060517
120 Letter H1
111  62.06577836 -007.27974424 3
111  62.06576692 -007.27971733 3
115  62.06575618 -007.27969202
120 Letter H3
111  62.06576692 -007.27971733 3
115  62.06578135 -007.27968942
120 Letter H2
111  62.06579278 -007.27971633 3
111  62.06578135 -007.27968942 3
115  62.06577060 -007.27966411
120 Helipad Inner Circle
112  62.06569301 -007.27970460  62.06568970 -007.27960642 3
112  62.06577315 -007.27951813  62.06582444 -007.27951642 3
112  62.06585970 -007.27970460  62.06586082 -007.27981285 3
114  62.06577422 -007.27987967  62.06573183 -007.27987313 3
120 Helipad Outer Circle
112  62.06593664 -007.27970460  62.06593744 -007.27990304 20
112  62.06577315 -007.28006042  62.06567378 -007.28005700 20
112  62.06560966 -007.27970460  62.06560165 -007.27950444 20
114  62.06577315 -007.27934022  62.06586371 -007.27934193 20
120 Turnoff 12
111  62.06504868 -007.28149182 1
112  62.06488738 -007.28185896  62.06485494 -007.28211039 1
111  62.06493555 -007.28239845 1
115  62.06517832 -007.28337790
120 Turnoff 30
111  62.06504868 -007.28149182 1
112  62.06481286 -007.28155948  62.06471457 -007.28149368 1
111  62.06464071 -007.28122349 1
115  62.06439226 -007.28021737
120 Turnaround 12
111  62.06697239 -007.29069994 1
111  62.06704936 -007.29100415 1
111  62.06705512 -007.29161413 1
112  62.06709420 -007.29187034  62.06713180 -007.29196449 1
112  62.06726586 -007.29197000  62.06734608 -007.29191819 1
112  62.06737160 -007.29159224  62.06736318 -007.29146639 1
112  62.06721111 -007.29131930  62.06712076 -007.29134545 1
111  62.06710219 -007.29122282 1
115  62.06704936 -007.29100415
120 Turnaround 30
111  62.05958099 -007.26094437 1
111  62.05947895 -007.26052361 1
111  62.05947288 -007.25982812 1
112  62.05932620 -007.25951649  62.05918817 -007.25950265 1
112  62.05914761 -007.25989211  62.05915317 -007.26005028
111  62.05914761 -007.25989211
112  62.05914761 -007.25989211  62.05916244 -007.26014123 1
112  62.05933229 -007.26017945  62.05938881 -007.26015177 1
111  62.05941330 -007.26025741 1
115  62.05947895 -007.26052361
120 Turnaround 12 Outline
111  62.06692302 -007.29110692 1
111  62.06693582 -007.29115813 1
111  62.06690323 -007.29161521 1
111  62.06706901 -007.29227706 1
111  62.06746611 -007.29181837 1
111  62.06726741 -007.29101083 1
111  62.06718316 -007.29092380 1
115  62.06716123 -007.29083732
120 Turnaround 30 Outline
111  62.05960731 -007.26043718 1
111  62.05957034 -007.26029019 1
111  62.05956286 -007.25984444 1
111  62.05941472 -007.25924126 1
111  62.05904582 -007.25965425 1
111  62.05925519 -007.26049667 1
111  62.05933244 -007.26056097 1
115  62.05937032 -007.26070818
120 Walkway Border
111  62.06729489 -007.27720553 20
115  62.06727701 -007.27722415
120 Walkway Border
111  62.06732268 -007.27699675 20
115  62.06735107 -007.27679049
120 Linear Feature 14
111  62.06781349 -007.28030700 20
111  62.06775964 -007.28009039 20
115  62.06776307 -007.28000483
120 Linear Feature 13
111  62.06776307 -007.28000483 20
115  62.06780150 -007.27996221
120 Linear Feature 12
111  62.06785028 -007.28026576 20
115  62.06778135 -007.27998478
120 Linear Feature 11
111  62.06777270 -007.27984433 20
111  62.06776307 -007.28000483 20
115  62.06783210 -007.28028613
120 Linear Feature 10
111  62.06787020 -007.28024342 20
111  62.06780150 -007.27996221 20
111  62.06777270 -007.27984433 20
115  62.06782387 -007.27978945
120 Linear Feature 7
111  62.06785174 -007.28036377 20
115  62.06798598 -007.28091213
120 Linear Feature 9
111  62.06802217 -007.28096443 20
111  62.06800403 -007.28098455 20
115  62.06799939 -007.28096621
120 Linear Feature 8
111  62.06796741 -007.28093281 20
115  62.06783264 -007.28038503
120 Linear Feature 5
111  62.06788931 -007.28032197 20
111  62.06804576 -007.28095546 20
111  62.06802551 -007.28097764 20
115  62.06786998 -007.28034349
120 Linear Feature 16
111  62.06790454 -007.28107061 20
111  62.06791277 -007.28110429 20
115  62.06789635 -007.28112281
120 Linear Feature 19
111  62.06773836 -007.28039121 20
111  62.06765382 -007.28004526 20
115  62.06763871 -007.28006201
120 Linear Feature 18
111  62.06772321 -007.28032993 20
115  62.06770826 -007.28034646
120 Linear Feature 18
111  62.06779375 -007.28061863 20
115  62.06777880 -007.28063516
120 Linear Feature 18
111  62.06785410 -007.28086506 20
115  62.06783856 -007.28088205
120 Linear Feature 17
111  62.06789152 -007.28101732 20
115  62.06775733 -007.28046882
120 Outline
111  62.06807978 -007.28034570 20
111  62.06818296 -007.28077434 20
112  62.06816806 -007.28084413  62.06814369 -007.28087217
111  62.06816806 -007.28084413 20
111  62.06815378 -007.28086048 20
111  62.06813633 -007.28087980 20
111  62.06809638 -007.28092404 20
115  62.06793881 -007.28026690
120 Linear Feature 15
111  62.06791946 -007.28018821 20
111  62.06782387 -007.27978945 20
115  62.06786322 -007.27974755
120 Linear Feature 1
111  62.06813633 -007.28087980 20
111  62.06797765 -007.28022369 20
111  62.06795863 -007.28014430 20
115  62.06786322 -007.27974755
120 Linear Feature 2
111  62.06799583 -007.28020383 20
115  62.06797765 -007.28022369
120 Linear Feature 2
111  62.06791589 -007.27996837 20
115  62.06787700 -007.28001159
120 Linear Feature 2
111  62.06808845 -007.28038110 20
115  62.06799201 -007.28048795
120 Linear Feature 2
111  62.06814059 -007.28059724 20
115  62.06804415 -007.28070410
120 Linear Feature 2
111  62.06787380 -007.27979162 20
115  62.06783470 -007.27983441
120 Linear Feature 2
111  62.06792666 -007.28001273 20
115  62.06788761 -007.28005563
120 Linear Feature 2
111  62.06809906 -007.28042513 20
115  62.06800262 -007.28053199
120 Linear Feature 2
111  62.06815119 -007.28064128 20
115  62.06805476 -007.28074814
120 Linear Feature 2
111  62.06788460 -007.27983589 20
115  62.06784533 -007.27987981
120 Linear Feature 2
111  62.06803328 -007.28027459 20
115  62.06796034 -007.28035617
120 Linear Feature 2
111  62.06793762 -007.28005751 20
115  62.06789824 -007.28010102
120 Linear Feature 2
111  62.06810968 -007.28047053 20
115  62.06801325 -007.28057739
120 Linear Feature 2
111  62.06816182 -007.28068667 20
115  62.06806539 -007.28079353
120 Linear Feature 2
111  62.06789495 -007.27987979 20
115  62.06785606 -007.27992252
120 Linear Feature 2
111  62.06805337 -007.28030751 20
115  62.06797107 -007.28039888
120 Linear Feature 2
111  62.06812042 -007.28051324 20
115  62.06802398 -007.28062009
120 Linear Feature 2
111  62.06817256 -007.28072938 20
115  62.06807612 -007.28083624
120 Linear Feature 2
111  62.06790525 -007.27992343 20
115  62.06786659 -007.27996665
120 Linear Feature 2
111  62.06807517 -007.28033942 20
115  62.06798160 -007.28044301
120 Linear Feature 2
111  62.06796632 -007.28013589 20
115  62.06795863 -007.28014430
120 Linear Feature 2
111  62.06813095 -007.28055737 20
115  62.06803451 -007.28066423
120 Linear Feature 2
111  62.06818296 -007.28077434 20
115  62.06808665 -007.28088037
120 Linear Feature 1
111  62.06815378 -007.28086048 20
115  62.06799583 -007.28020383
120 Linear Feature 6
111  62.06887849 -007.27911931 20
115  62.06883974 -007.27916340
120 Linear Feature 6
111  62.06888999 -007.27916385 20
115  62.06885124 -007.27920794
120 Linear Feature 6
111  62.06891298 -007.27925658 20
115  62.06887423 -007.27930067
120 Linear Feature 6
111  62.06890170 -007.27921113 20
115  62.06886295 -007.27925522
120 Linear Feature 6
111  62.06892427 -007.27930249 20
115  62.06888552 -007.27934659
120 Linear Feature 6
111  62.06894577 -007.27939068 20
115  62.06890702 -007.27943477
120 Linear Feature 6
111  62.06893534 -007.27934704 20
115  62.06889659 -007.27939113
120 Linear Feature 24
111  62.06762461 -007.27739780 20
112  62.06779106 -007.27760190  62.06788338 -007.27774707 20
112  62.06801186 -007.27814037  62.06806898 -007.27832916 20
111  62.06812084 -007.27853454 20
112  62.06818344 -007.27887882  62.06820010 -007.27905475 20
111  62.06819051 -007.27920511 20
111  62.06814355 -007.28003057 22
115  62.06818427 -007.28006551
120 Linear Feature 23
111  62.06746489 -007.27724025 20
111  62.06750902 -007.27728554 21
115  62.06752503 -007.27721621
120 Linear Feature 21
111  62.06846011 -007.28001576 20
111  62.06832162 -007.28009159 20
112  62.06810579 -007.28011223  62.06800699 -007.28006170 20
111  62.06794752 -007.27982508 20
115  62.06748697 -007.27798723
120 Linear Feature 22
111  62.06727056 -007.27735988 20
111  62.06738416 -007.27726785 21
115  62.06733567 -007.27716258
120 Linear Feature 20
111  62.06813237 -007.28020854 20
111  62.06812406 -007.28034005
112  62.06812406 -007.28034005  62.06812272 -007.28036457 20
112  62.06812923 -007.28041433  62.06813443 -007.28043725
111  62.06812923 -007.28041433 20
115  62.06817984 -007.28062506
120 Linear Feature 4
111  62.06858090 -007.27989761 20
111  62.06885864 -007.27974015 20
112  62.06891538 -007.27966085  62.06893459 -007.27960549 20
111  62.06893822 -007.27955133 20
111  62.06894541 -007.27940120 20
112  62.06897922 -007.27921164  62.06900718 -007.27913715 20
115  62.06907109 -007.27910975
120 Linear Feature 5
111  62.06887361 -007.27987238 20
112  62.06896635 -007.27976857  62.06899721 -007.27969683 20
111  62.06900420 -007.27957120 20
111  62.06901407 -007.27941776 20
116  62.06903744 -007.27933361  62.06905735 -007.27929890
21  62.06582607 -007.28794492 3 117.9500 3.66 12 PAPI-4R
21  62.06650088 -007.28706611 2 117.9500 3.66 12 PAPI-4L
21  62.06068368 -007.26352079 3 297.9500 3.50 30 PAPI-4R
21  62.05997884 -007.26423759 2 297.9500 3.50 30 PAPI-4L
20  62.06544112 -007.28058396 191.8700 0 2 {@R}30-12
20  62.06560630 -007.28146707 208.7500 0 2 {@R}30-12
14  62.06694768 -007.28296975 114.83 0 ATC Tower
1300  62.06758460 -007.28197403  73.00 misc turboprops|props Ramp 1
1301 A none 
1300  62.06736544 -007.28103386  73.00 gate heavy|jets|turboprops|props Ramp 2
1301 C airline 
1300  62.06714772 -007.28013499  73.98 misc heavy|jets|turboprops Ramp 3
1301 C none 
1300  62.06700696 -007.27926183  29.35 gate heavy|jets|turboprops Ramp 4
1301 C airline 
1300  62.06594920 -007.28171855 -129.68 tie_down helos Ramp 22 (Helo)
1301 B airline 
1300  62.06610318 -007.27998659 -128.98 tie_down helos Ramp 23 (Helo)
1301 B airline 
1300  62.06595115 -007.27937912 222.00 misc helos Ramp 24 (Helo)
1301 B none 
1300  62.06582781 -007.27642956 -115.02 tie_down heavy|jets|turboprops|props|helos Hangar
1301 C airline 
19  62.06763082 -007.29036642 1 Windsock 12
19  62.06004437 -007.25984237 1 Windsock 30
54 12485 Tower (AFIS)
51 12050 Emergency (CTAF)
50 12020 ATIS
1000 Standard Flow - C700 - V2 - Low Winds
1001 EKVG 001 360 10
1002 EKVG 700
1003 EKVG 2.0
1101 30 left
1100 12  12675 departures heavy|jets|turboprops|props 000000 000000 12 - Departures
1100 30  12675 arrivals heavy|jets|turboprops|props 000000 000000 30 - Arrivals
1000 Western Flow - C400 - V1
1001 EKVG 035 215 999
1002 EKVG 400
1003 EKVG 1.0
1101 12 right
1100 12  12675 arrivals|departures heavy|jets|turboprops|props 000000 000000 12 - Arrivals & Departures
1000 Western Flow (Departures Only)
1001 EKVG 035 215 999
1002 EKVG 0
1003 EKVG 0.0
1101 12 right
1100 12  12675 departures heavy|jets|turboprops|props 000000 000000 12 - Departures
1000 Eastern Flow - C2000 - V10
1001 EKVG 215 035 999
1002 EKVG 2000
1003 EKVG 10.0
1101 30 left
1100 30  12675 arrivals|departures heavy|jets|turboprops|props|helos 000000 191191 30 - Arrivals & Departures
1000 Eastern Flow (Daytime only) - C700 - V4
1001 EKVG 215 035 999
1002 EKVG 700
1003 EKVG 2.0
1004 0008 0020
1101 30 left
1100 30  12675 arrivals|departures heavy|jets|turboprops|props|helos 000000 191191 30 - Arrivals & Departures
1000 Eastern Flow (No Departures) - C700 - V2
1002 EKVG 700
1003 EKVG 2.0
1101 30 left
1100 30  12675 arrivals heavy|jets|turboprops|props|helos 000000 191191 30 - Arrivals
1200 
1201  62.05924653 -007.25959375 both 0 _stop
1201  62.05938650 -007.25943828 both 1 _stop
1201  62.05947243 -007.25978736 both 2 _stop
1201  62.06726721 -007.29187521 both 3 _stop
1201  62.06711109 -007.29205792 both 4 _stop
1201  62.06701233 -007.29166440 both 5 _stop
1201  62.05948900 -007.26057100 both 6 N_stop
1201  62.06704436 -007.29098229 both 7 N_start
1201  62.06699917 -007.29080106 both 8 unnamed entity(split)
1201  62.06476616 -007.28180685 both 9 N_start(split)
1201  62.05953219 -007.26074372 both 10 unnamed entity(split)
1201  62.06757522 -007.28203370 both 11 _stop
1201  62.06753453 -007.28231329 both 12 _stop
1201  62.06737172 -007.28244682 both 13 _stop
1201  62.06728764 -007.28240221 both 14 _stop
1201  62.06721538 -007.28218004 both 15 _stop
1201  62.06703043 -007.28155002 both 16 _stop
1201  62.06696103 -007.28135659 both 17 _stop
1201  62.06683832 -007.28116284 both 18 _stop
1201  62.06668002 -007.28102211 both 19 _stop
1201  62.06652243 -007.28093501 both 20 _stop
1201  62.06632385 -007.28087052 both 21 _stop
1201  62.06612620 -007.28084459 both 22 _stop
1201  62.06596712 -007.28086515 both 23 _stop
1201  62.06586537 -007.28087457 both 24 _stop
1201  62.06568842 -007.28092020 both 25 _stop
1201  62.06553096 -007.28102522 both 26 _stop
1201  62.06503947 -007.28150102 both 27 _stop
1201  62.06735639 -007.28204693 both 28 _stop
1201  62.06738403 -007.28185140 both 29 _stop
1201  62.06745696 -007.28174960 both 30 _stop
1201  62.06754055 -007.28177147 both 31 _stop
1201  62.06759334 -007.28191481 both 32 _stop
1201  62.06713714 -007.28123410 both 33 _stop
1201  62.06715525 -007.28108525 both 34 _stop
1201  62.06720636 -007.28097973 both 35 _stop
1201  62.06729398 -007.28095095 both 36 _stop
1201  62.06736544 -007.28103386 both 37 _stop
1201  62.06734847 -007.28115862 both 38 _stop
1201  62.06730534 -007.28147593 both 39 _stop
1201  62.06647604 -007.28073287 both 40 _stop
1201  62.06693917 -007.28016173 both 41 _stop
1201  62.06692086 -007.28033572 both 42 _stop(split)
1201  62.06700539 -007.28006278 both 43 _stop
1201  62.06707955 -007.28004299 both 44 _stop
1201  62.06714772 -007.28013499 both 45 _stop
1201  62.06713067 -007.28026230 both 46 _stop
1201  62.06709111 -007.28055558 both 47 _stop
1201  62.06692746 -007.27935620 both 48 _stop
1201  62.06598120 -007.28163701 both 49 _start
1201  62.06584664 -007.28022294 both 50 _stop
1201  62.06614550 -007.27986318 both 51 _start
1201  62.06600483 -007.27927554 both 52 _stop
1201  62.06582550 -007.27961715 both 53 _stop
1201  62.06574627 -007.27637205 both 54 _stop
1201  62.06591619 -007.27618292 both 55 _stop
1201  62.06605812 -007.27677127 both 56 _stop
1201  62.06594321 -007.27719125 both 57 _stop
1201  62.06632509 -007.27876836 both 58 _stop
1201  62.06640492 -007.27914212 both 59 _stop
1201  62.06646235 -007.27949458 both 60 _stop
1201  62.06651498 -007.27984398 both 61 _stop
1201  62.06654166 -007.28009492 both 62 _stop
1201  62.06654985 -007.28045889 both 63 _stop
1202 0 6 twoway taxiway_D 
1204 departure 12,30
1204 arrival 12,30
1202 1 0 twoway taxiway_D 
1204 departure 12,30
1204 arrival 12,30
1202 2 1 twoway taxiway_D 
1204 departure 12,30
1204 arrival 12,30
1202 10 2 twoway taxiway_D 
1204 departure 12,30
1204 arrival 12,30
1202 3 7 twoway taxiway_D 
1204 departure 12,30
1204 arrival 12,30
1202 4 3 twoway taxiway_D 
1204 departure 12,30
1204 arrival 12,30
1202 5 4 twoway taxiway_D 
1204 departure 12,30
1204 arrival 12,30
1202 8 5 twoway taxiway_D 
1204 departure 12,30
1204 arrival 12,30
1202 7 8 twoway runway 12/30
1204 departure 12,30
1204 arrival 12,30
1204 ils 12,30
1202 8 9 twoway runway 12/30
1204 departure 12,30
1204 arrival 12,30
1204 ils 12,30
1202 9 10 twoway runway 12/30
1204 departure 12,30
1204 arrival 12,30
1204 ils 12,30
1202 10 6 twoway runway 12/30
1204 departure 12,30
1204 arrival 12,30
1204 ils 12,30
1202 12 11 oneway taxiway_A 
1202 13 12 oneway taxiway_A 
1202 14 13 oneway taxiway_A 
1202 15 14 oneway taxiway_A 
1202 16 15 twoway taxiway_B 
1202 17 16 twoway taxiway_B 
1202 18 17 twoway taxiway_B 
1202 19 18 twoway taxiway_B 
1202 20 19 twoway taxiway_C 
1202 21 20 twoway taxiway_C 
1202 22 21 twoway taxiway_C 
1202 23 22 twoway taxiway_C 
1202 24 23 twoway taxiway_C 
1202 25 24 twoway taxiway_C 
1202 26 25 twoway taxiway_C 
1202 27 26 twoway taxiway_C 
1204 departure 12,30
1204 arrival 12,30
1202 9 27 twoway taxiway_C 
1204 departure 12,30
1204 arrival 12,30
1202 28 15 oneway taxiway_A 
1202 29 28 oneway taxiway_A 
1202 30 29 oneway taxiway_A 
1202 31 30 oneway taxiway_A 
1202 32 31 oneway taxiway_A 
1202 11 32 oneway taxiway_A 
1202 33 17 oneway taxiway_B 
1202 34 33 oneway taxiway_B 
1202 35 34 oneway taxiway_B 
1202 36 35 oneway taxiway_B 
1202 37 36 oneway taxiway_B 
1202 38 37 oneway taxiway_B 
1202 39 38 oneway taxiway_B 
1202 16 39 oneway taxiway_B 
1202 41 42 oneway taxiway_E 
1202 42 40 oneway taxiway_C 
1202 43 41 oneway taxiway_E 
1202 44 43 oneway taxiway_E 
1202 45 44 oneway taxiway_E 
1202 46 45 oneway taxiway_E 
1202 47 46 oneway taxiway_E 
1202 19 47 oneway taxiway_C 
1202 61 48 twoway taxiway_C 
1202 49 23 twoway taxiway_B 
1202 50 24 twoway taxiway_B 
1202 51 50 twoway taxiway_B 
1202 53 52 twoway taxiway_B 
1202 50 53 twoway taxiway_B 
1202 54 57 oneway taxiway_B 
1202 55 54 oneway taxiway_C 
1202 56 55 twoway taxiway_C 
1202 57 56 oneway taxiway_C 
1202 58 57 twoway taxiway_C 
1202 59 58 twoway taxiway_C 
1202 60 59 twoway taxiway_C 
1202 61 60 twoway taxiway_C 
1202 62 61 twoway taxiway_C 
1202 63 62 twoway taxiway_C 
1202 40 63 twoway taxiway_C 
1202 21 40 twoway taxiway_C 
99
